Train_No,Train_Name,Station_Name,Station_Code,Delay,Zone,Long,Lat
54272,DDU ARA PASS,,nan,,,,
